ProgramName c++ O0 O1 O2 O3
alexis-P11868_ca-S001-AC.cc 35 1440 423 466 458 
alexis-P12943_ca-S001-AC.cc 47 208 183 178 178 
alexis-P13623_en-S002-AC.cc 38 143 126 138 140 
alexis-P14130_ca-S001-AC.cc 22 1360 264 282 410 
alexis-P15030_ca-S004-AC.cc 37 1377 361 400 403 
alexis-P16175_ca-S001-AC.cc 74 2814 800 882 1053 
alexis-P18660_ca-S001-AC.cc 91 5483 1500 1615 2088 
alexis-P19991_en-S001-AC.cc 33 138 117 130 130 
alexis-P22467_en-S013-AC.cc 26 257 223 305 387 
alexis-P27152_en-S001-AC.cc 25 298 226 226 279 
alexis-P27341_ca-S001-AC.cc 24 199 181 201 201 
alexis-P28318_ca-S001-AC.cc 46 3550 843 887 897 
alexis-P29094_ca-S002-AC.cc 18 164 70 71 70 
alexis-P29212_ca-S002-AC.cc 17 189 198 227 696 
alexis-P32149_ca-S002-AC.cc 29 348 258 264 637 
alexis-P32533_ca-S001-AC.cc 27 133 162 187 187 
alexis-P33412_en-S003-AC.cc 20 251 93 108 174 
alexis-P34279_en-S002-AC.cc 28 174 131 131 131 
alexis-P34438_ca-S005-AC.cc 35 300 129 96 182 
alexis-P34682_en-S001-AC.cc 51 1502 469 496 531 
alexis-P34682_en-S003-AC.cc 51 1502 469 496 531 
alexis-P37760_en-S001-AC.cc 31 273 154 185 185 
alexis-P40902_ca-S002-AC.cc 36 3871 1287 1282 1471 
alexis-P40902_ca-S003-AC.cc 36 3871 1287 1282 1471 
alexis-P42042_en-S002-AC.cc 22 167 107 110 110 
alexis-P42280_en-S001-AC.cc 32 133 109 122 124 
alexis-P42523_en-S001-AC.cc 13 151 96 132 132 
alexis-P42672_en-S001-AC.cc 17 190 180 209 616 
alexis-P46736_ca-S001-AC.cc 37 247 245 244 283 
alexis-P48107_ca-S001-AC.cc 7 126 80 81 81 
alexis-P50497_ca-S001-AC.cc 15 220 156 193 193 
alexis-P50497_ca-S002-AC.cc 14 220 156 193 193 
alexis-P50709_ca-S001-AC.cc 44 3969 665 639 811 
alexis-P51126_ca-S002-AC.cc 26 177 135 131 131 
alexis-P51352_es-S001-AC.cc 27 170 113 101 101 
alexis-P52926_en-S006-AC.cc 16 351 406 441 464 
alexis-P56059_ca-S005-AC.cc 30 371 282 305 305 
alexis-P56059_ca-S006-AC.cc 19 382 291 308 308 
alexis-P56059_ca-S007-AC.cc 19 382 291 308 308 
alexis-P56559_ca-S002-AC.cc 18 156 113 112 112 
alexis-P57315_es-S002-AC.cc 43 183 172 170 170 
alexis-P57515_ca-S001-AC.cc 25 224 235 307 470 
alexis-P61634_en-S001-AC.cc 24 190 123 137 137 
alexis-P62467_en-S001-AC.cc 19 163 193 235 521 
alexis-P63414_ca-S002-AC.cc 40 1754 427 479 482 
alexis-P64555_ca-S005-AC.cc 45 3842 1040 1121 1169 
alexis-P65171_ca-S002-AC.cc 44 304 115 119 119 
alexis-P68688_en-S003-AC.cc 5 91 51 52 52 
alexis-P70093_ca-S003-AC.cc 32 1271 175 176 183 
alexis-P70690_ca-S001-AC.cc 40 3499 552 625 809 
alexis-P70955_en-S001-AC.cc 21 143 83 84 84 
alexis-P71398_ca-S006-AC.cc 19 235 147 179 225 
alexis-P71711_ca-S001-AC.cc 46 3405 616 657 752 
alexis-P74859_ca-S001-AC.cc 19 181 178 203 203 
alexis-P76675_ca-S002-AC.cc 38 2202 499 532 774 
alexis-P78721_en-S001-AC.cc 17 336 324 328 328 
alexis-P79784_en-S001-AC.cc 29 152 125 142 142 
alexis-P81602_ca-S001-AC.cc 31 272 132 127 126 
alexis-P81966_ca-S002-AC.cc 16 189 81 80 80 
alexis-P84219_en-S006-AC.cc 21 273 108 138 138 
alexis-P84219_en-S007-AC.cc 21 252 106 168 175 
alexis-P84735_ca-S005-AC.cc 15 153 161 181 181 
alexis-P87198_en-S002-AC.cc 55 238 350 400 400 
alexis-P89124_ca-S003-AC.cc 24 1718 273 287 284 
alexis-P89265_en-S011-AC.cc 25 333 338 337 337 
alexis-P89851_ca-S001-AC.cc 14 134 138 161 161 
alexis-P90532_ca-S005-AC.cc 34 447 342 354 405 
alexis-P90620_ca-S006-AC.cc 18 166 117 127 127 
alexis-P90766_ca-S002-AC.cc 38 3480 529 584 641 
alexis-P96767_en-S001-AC.cc 30 280 94 103 103 
alexis-P96965_en-S002-AC.cc 16 195 141 183 183 
alexis-P98179_ca-S004-AC.cc 20 239 85 93 94 
alexis-P98960_en-S001-AC.cc 14 123 82 82 81 
alexis-X01385_ca-S001-AC.cc 34 1460 311 337 365 
alexis-X04437_en-S001-AC.cc 29 181 89 106 106 
alexis-X09467_ca-S001-AC.cc 43 3448 653 681 687 
alexis-X13951_en-S001-AC.cc 12 121 128 143 143 
alexis-X17276_ca-S001-AC.cc 52 3618 704 742 799 
alexis-X17307_en-S001-AC.cc 36 149 156 178 178 
alexis-X18325_en-S001-AC.cc 17 160 118 131 131 
alexis-X20419_ca-S001-AC.cc 55 2847 526 614 613 
alexis-X25396_ca-S001-AC.cc 58 3498 734 796 801 
alexis-X29759_en-S001-AC.cc 46 173 159 167 167 
alexis-X30197_en-S004-AC.cc 28 1304 197 218 215 
alexis-X30452_en-S001-AC.cc 39 1468 409 427 430 
alexis-X30986_ca-S014-AC.cc 47 8915 6232 5388 6820 
alexis-X33736_ca-S005-AC.cc 35 291 206 269 349 
alexis-X35210_ca-S001-AC.cc 33 277 263 339 699 
alexis-X36902_ca-S009-AC.cc 38 208 170 181 181 
alexis-X36902_ca-S010-AC.cc 40 213 172 183 183 
alexis-X41120_ca-S001-AC.cc 40 2655 667 707 712 
alexis-X46340_en-S001-AC.cc 35 200 111 124 124 
alexis-X47882_en-S001-AC.cc 17 140 148 169 169 
alexis-X50286_ca-S001-AC.cc 23 204 141 148 148 
alexis-X54725_en-S001-AC.cc 13 124 74 69 69 
alexis-X54725_en-S002-AC.cc 13 124 74 69 69 
alexis-X58169_ca-S002-AC.cc 35 222 196 200 218 
alexis-X59091_en-S002-AC.cc 32 149 179 208 208 
alexis-X59678_en-S001-AC.cc 15 148 89 85 85 
alexis-X59678_en-S002-AC.cc 15 148 89 85 85 
alexis-X60048_en-S001-AC.cc 13 247 264 274 274 
alexis-X62138_en-S003-AC.cc 28 336 318 362 365 
alexis-X64734_ca-S001-AC.cc 7 91 51 52 52 
alexis-X64734_ca-S002-AC.cc 7 91 51 52 52 
alexis-X65880_en-S001-AC.cc 15 141 99 99 99 
alexis-X70418_en-S002-AC.cc 29 193 263 307 307 
alexis-X71570_en-S001-AC.cc 9 111 64 65 65 
alexis-X71570_en-S002-AC.cc 9 111 64 65 65 
alexis-X81458_en-S001-AC.cc 27 166 129 142 142 
alexis-X84338_en-S001-AC.cc 46 249 213 217 573 
alexis-X85811_en-S001-AC.cc 20 1301 280 316 313 
alexis-X88161_ca-S004-AC.cc 74 10197 4113 3641 3676 
alexis-X88461_ca-S003-AC.cc 36 1984 259 291 725 
alexis-X89070_en-S001-AC.cc 29 161 87 94 94 
alexis-X89070_en-S002-AC.cc 29 161 87 94 94 
alexis-X97552_ca-S002-AC.cc 84 1963 954 1024 1877 
alexis-X98097_ca-S005-AC.cc 49 392 338 256 256 
alexis-X98097_ca-S006-AC.cc 51 392 338 256 256 
joan-P11868_ca-S001-AC.cc 49 1344 289 313 311 
joan-P12828_ca-S001-AC.cc 27 1396 310 343 695 
joan-P12887_en-S001-AC.cc 45 7419 1103 1043 1068 
joan-P12943_ca-S001-AC.cc 20 213 180 170 170 
joan-P13994_en-S001-AC.cc 77 13193 1776 1803 2076 
joan-P14130_ca-S001-AC.cc 15 1258 193 206 314 
joan-P14952_ca-S001-AC.cc 56 7299 934 972 1084 
joan-P15030_ca-S002-AC.cc 29 1375 386 434 438 
joan-P16175_ca-S001-AC.cc 92 1849 746 770 1000 
joan-P16249_en-S002-AC.cc 49 12902 3364 3636 4420 
joan-P16415_ca-S001-AC.cc 44 3543 544 526 588 
joan-P17921_ca-S001-AC.cc 57 5210 726 763 819 
joan-P20262_ca-S001-AC.cc 22 157 165 193 193 
joan-P22467_ca-S009-AC.cc 27 257 181 325 616 
joan-P23001_ca-S002-AC.cc 16 315 201 202 202 
joan-P24674_ca-S001-AC.cc 43 4057 586 633 1231 
joan-P25235_en-S002-AC.cc 78 12965 1886 1917 2196 
joan-P25261_ca-S005-AC.cc 28 3627 823 864 828 
joan-P26041_ca-S001-AC.cc 17 268 365 396 351 
joan-P26100_ca-S002-AC.cc 46 3187 572 621 671 
joan-P26100_ca-S004-AC.cc 46 3187 572 621 671 
joan-P26374_ca-S006-AC.cc 33 4028 1008 1044 1153 
joan-P27152_es-S001-AC.cc 31 1373 219 238 238 
joan-P27341_ca-S006-AC.cc 13 166 172 190 283 
joan-P28318_ca-S001-AC.cc 46 3413 689 805 804 
joan-P29033_ca-S001-AC.cc 50 6657 1194 1258 1449 
joan-P29212_ca-S001-AC.cc 17 189 198 227 696 
joan-P29786_ca-S002-AC.cc 14 161 114 157 157 
joan-P32046_ca-S001-AC.cc 16 187 143 155 155 
joan-P32533_ca-S001-AC.cc 20 146 164 189 189 
joan-P34279_ca-S001-AC.cc 32 178 127 127 127 
joan-P34438_ca-S001-AC.cc 40 311 131 122 117 
joan-P34682_en-S002-AC.cc 34 1493 453 496 524 
joan-P36668_ca-S001-AC.cc 10 115 75 79 148 
joan-P37064_ca-S002-AC.cc 22 2992 738 677 847 
joan-P37297_ca-S001-AC.cc 13 136 105 106 106 
joan-P37390_ca-S002-AC.cc 45 4044 1022 1050 1094 
joan-P37390_ca-S003-AC.cc 36 4043 1017 1046 1046 
joan-P37469_ca-S001-AC.cc 11 172 120 121 121 
joan-P37500_ca-S001-AC.cc 10 111 113 135 135 
joan-P37760_ca-S001-AC.cc 14 257 142 172 172 
joan-P38211_ca-S002-AC.cc 61 5231 729 767 848 
joan-P39586_en-S002-AC.cc 63 10098 1245 1290 1530 
joan-P39846_ca-S001-AC.cc 76 11109 2130 2159 2240 
joan-P39846_ca-S004-AC.cc 79 12387 2302 2344 2426 
joan-P40479_ca-S001-AC.cc 56 9225 1209 1242 1244 
joan-P40902_ca-S001-AC.cc 44 4948 1639 1716 1781 
joan-P42042_ca-S001-AC.cc 15 183 110 113 113 
joan-P42523_ca-S001-AC.cc 11 144 90 112 112 
joan-P42672_ca-S001-AC.cc 17 176 174 217 594 
joan-P43164_ca-S001-AC.cc 79 12387 2302 2344 2426 
joan-P43859_en-S002-AC.cc 54 8343 1076 1093 1310 
joan-P45965_ca-S001-AC.cc 28 1430 342 397 873 
joan-P46254_ca-S003-AC.cc 23 204 110 116 116 
joan-P46736_ca-S001-AC.cc 26 242 222 224 262 
joan-P48107_ca-S001-AC.cc 13 127 78 79 79 
joan-P49889_ca-S001-AC.cc 49 2739 582 654 698 
joan-P50279_ca-S001-AC.cc 19 185 144 157 157 
joan-P50497_ca-S001-AC.cc 22 241 179 231 231 
joan-P50709_ca-S001-AC.cc 51 3976 664 665 780 
joan-P51126_ca-S005-AC.cc 26 267 221 173 173 
joan-P51126_ca-S007-AC.cc 19 271 227 183 183 
joan-P51222_ca-S001-AC.cc 11 141 90 117 117 
joan-P51352_es-S001-AC.cc 9 159 107 109 109 
joan-P52926_ca-S001-AC.cc 17 337 373 405 359 
joan-P52926_ca-S004-AC.cc 17 322 369 401 355 
joan-P52926_ca-S005-AC.cc 17 322 369 401 355 
joan-P53547_en-S001-AC.cc 68 11626 1588 1656 2059 
joan-P55307_ca-S001-AC.cc 31 270 233 248 281 
joan-P56358_ca-S005-AC.cc 58 445 487 504 816 
joan-P56549_ca-S001-AC.cc 43 274 250 274 1112 
joan-P56559_ca-S005-AC.cc 15 216 156 134 134 
joan-P56635_ca-S002-AC.cc 36 394 292 328 451 
joan-P57315_es-S001-AC.cc 64 373 288 254 254 
joan-P57315_es-S005-AC.cc 36 373 281 255 255 
joan-P57515_ca-S001-AC.cc 24 267 224 268 316 
joan-P58459_ca-S002-AC.cc 17 252 162 152 152 
joan-P59282_ca-S001-AC.cc 63 4998 791 885 1069 
joan-P59539_ca-S003-AC.cc 10 243 81 83 83 
joan-P59539_ca-S005-AC.cc 19 243 81 83 83 
joan-P59539_ca-S006-AC.cc 20 243 81 83 83 
joan-P59875_ca-S001-AC.cc 17 140 151 174 174 
joan-P60219_en-S010-AC.cc 67 8921 4695 4168 5656 
joan-P60296_ca-S002-AC.cc 69 7719 3992 3455 4867 
joan-P60796_ca-S001-AC.cc 71 11091 2111 2133 2210 
joan-P61473_ca-S001-AC.cc 27 3304 481 487 496 
joan-P61634_ca-S003-AC.cc 10 171 108 97 97 
joan-P63414_ca-S001-AC.cc 40 1300 235 246 243 
joan-P65171_ca-S001-AC.cc 16 259 113 119 119 
joan-P65437_ca-S003-AC.cc 13 145 85 88 88 
joan-P66529_ca-S001-AC.cc 27 407 222 232 232 
joan-P68836_ca-S001-AC.cc 58 432 323 349 349 
joan-P68836_ca-S002-AC.cc 55 422 277 343 366 
joan-P69348_ca-S003-AC.cc 39 2920 453 471 1049 
joan-P69781_ca-S001-AC.cc 48 3953 739 773 925 
joan-P69932_ca-S003-AC.cc 41 4018 799 826 852 
joan-P70690_ca-S002-AC.cc 41 7280 934 986 1156 
joan-P70955_ca-S004-AC.cc 13 149 80 81 81 
joan-P71398_ca-S002-AC.cc 22 201 141 189 189 
joan-P71701_ca-S001-AC.cc 60 3508 743 824 1047 
joan-P71711_ca-S001-AC.cc 37 3436 628 636 648 
joan-P72315_ca-S001-AC.cc 19 220 181 251 251 
joan-P74859_ca-S001-AC.cc 17 187 182 204 204 
joan-P78721_ca-S002-AC.cc 45 455 479 450 450 
joan-P79123_ca-S001-AC.cc 42 300 218 218 218 
joan-P79784_ca-S002-AC.cc 13 159 129 146 146 
joan-P82111_ca-S001-AC.cc 71 4693 1098 1102 1467 
joan-P82374_ca-S001-AC.cc 10 163 106 99 99 
joan-P82952_ca-S001-AC.cc 63 475 381 425 567 
joan-P84415_ca-S001-AC.cc 55 5017 1695 1874 1986 
joan-P84735_ca-S004-AC.cc 17 184 170 196 196 
joan-P85370_ca-S001-AC.cc 22 370 173 178 178 
joan-P87198_ca-S004-AC.cc 22 223 317 364 365 
joan-P88760_ca-S001-AC.cc 60 6860 1250 1261 1338 
joan-P88790_ca-S002-AC.cc 14 144 101 112 112 
joan-P89265_ca-S001-AC.cc 24 368 326 242 242 
joan-P90532_ca-S002-AC.cc 40 325 102 109 109 
joan-P90766_ca-S001-AC.cc 41 7228 911 939 938 
joan-P90766_ca-S002-AC.cc 66 7575 1421 1469 1519 
joan-P92351_ca-S005-AC.cc 19 151 105 97 97 
joan-P92998_ca-S001-AC.cc 21 215 231 234 234 
joan-P95401_ca-S001-AC.cc 11 175 109 128 128 
joan-P96589_ca-S001-AC.cc 10 149 93 94 94 
joan-P96767_ca-S001-AC.cc 21 259 101 98 98 
joan-P96965_ca-S001-AC.cc 18 186 130 167 649 
joan-P98960_ca-S002-AC.cc 15 129 80 76 76 
joan-P98960_ca-S003-AC.cc 15 135 85 82 82 
joan-P99182_es-S001-AC.cc 8 116 70 71 71 
joan-X01385_ca-S001-AC.cc 32 1422 313 346 380 
joan-X04437_ca-S001-AC.cc 12 177 89 106 106 
joan-X08783_ca-S001-AC.cc 13 132 144 159 159 
joan-X09467_ca-S001-AC.cc 41 3466 622 642 649 
joan-X12059_ca-S003-AC.cc 41 1504 468 509 790 
joan-X20419_ca-S001-AC.cc 51 2864 483 535 586 
joan-X24393_en-S001-AC.cc 17 161 152 187 329 
joan-X25396_ca-S001-AC.cc 35 1875 381 407 407 
joan-X29759_ca-S001-AC.cc 25 185 165 165 187 
joan-X30197_en-S001-AC.cc 23 1304 197 218 215 
joan-X30452_en-S002-AC.cc 38 1462 407 431 434 
joan-X30986_ca-S002-AC.cc 45 4338 3005 2516 5029 
joan-X35210_ca-S003-AC.cc 37 289 218 287 290 
joan-X36272_ca-S003-AC.cc 22 1320 236 242 237 
joan-X36902_ca-S001-AC.cc 24 3799 768 763 798 
joan-X41120_ca-S001-AC.cc 51 1874 490 486 492 
joan-X41530_ca-S001-AC.cc 53 4641 759 811 1263 
joan-X42771_en-S003-AC.cc 41 191 181 202 198 
joan-X42771_es-S001-AC.cc 27 147 159 188 188 
joan-X46340_ca-S002-AC.cc 26 172 89 100 100 
joan-X50141_ca-S002-AC.cc 35 318 176 196 187 
joan-X50286_ca-S001-AC.cc 11 204 141 148 148 
joan-X51086_ca-S001-AC.cc 11 134 75 78 78 
joan-X54725_ca-S001-AC.cc 13 123 74 69 69 
joan-X58169_ca-S002-AC.cc 30 250 211 227 227 
joan-X59678_ca-S001-AC.cc 13 160 96 100 100 
joan-X59678_ca-S002-AC.cc 19 159 96 91 91 
joan-X62138_en-S001-AC.cc 37 406 318 350 353 
joan-X64734_en-S001-AC.cc 5 91 51 52 52 
joan-X65880_ca-S001-AC.cc 10 145 101 100 100 
joan-X65880_ca-S002-AC.cc 13 147 97 98 98 
joan-X71570_en-S001-AC.cc 7 110 64 65 65 
joan-X71650_ca-S002-AC.cc 22 146 110 123 123 
joan-X76165_en-S002-AC.cc 15 160 128 130 130 
joan-X76713_ca-S001-AC.cc 48 1426 411 456 505 
joan-X76804_ca-S003-AC.cc 64 3797 781 784 861 
joan-X82824_en-S005-AC.cc 20 196 167 212 212 
joan-X82824_en-S006-AC.cc 21 196 167 212 212 
joan-X85811_en-S003-AC.cc 18 1362 310 338 339 
joan-X87649_en-S003-AC.cc 14 145 130 165 303 
joan-X88161_ca-S001-AC.cc 62 3855 1044 1117 1109 
joan-X88461_ca-S002-AC.cc 29 1935 340 376 327 
joan-X88461_ca-S007-AC.cc 32 1393 227 256 248 
joan-X88461_ca-S008-AC.cc 29 1453 227 256 248 
joan-X89070_ca-S001-AC.cc 22 149 77 78 78 
joan-X97552_ca-S002-AC.cc 76 3294 674 728 953 
jordi-P11868_ca-S003-AC.cc 28 1324 290 299 297 
jordi-P12675_ca-S003-AC.cc 37 1453 304 347 345 
jordi-P12943_ca-S009-AC.cc 25 220 183 182 182 
jordi-P15030_ca-S003-AC.cc 30 1377 358 401 404 
jordi-P18660_ca-S001-AC.cc 92 5483 1500 1615 2088 
jordi-P20262_ca-S001-AC.cc 20 157 161 185 186 
jordi-P22467_ca-S007-AC.cc 30 239 225 263 344 
jordi-P26374_ca-S001-AC.cc 21 3147 340 320 432 
jordi-P27341_ca-S002-AC.cc 37 270 270 295 294 
jordi-P28118_ca-S002-AC.cc 22 474 344 370 1151 
jordi-P28318_ca-S001-AC.cc 49 3544 861 887 897 
jordi-P29094_ca-S005-AC.cc 15 159 64 68 70 
jordi-P29212_ca-S003-AC.cc 23 190 198 227 696 
jordi-P29786_ca-S004-AC.cc 26 223 148 153 153 
jordi-P29786_ca-S005-AC.cc 29 233 216 223 272 
jordi-P33412_en-S002-AC.cc 20 295 112 123 260 
jordi-P34438_ca-S010-AC.cc 79 5094 1124 1132 1369 
jordi-P34682_en-S002-AC.cc 37 1477 456 468 493 
jordi-P37390_ca-S006-AC.cc 22 3153 348 328 331 
jordi-P41412_ca-S001-AC.cc 19 228 87 92 92 
jordi-P42523_ca-S001-AC.cc 21 154 90 112 112 
jordi-P42672_ca-S001-AC.cc 19 196 189 225 518 
jordi-P46254_ca-S001-AC.cc 20 171 110 130 130 
jordi-P50279_ca-S005-AC.cc 34 227 167 181 181 
jordi-P50497_ca-S003-AC.cc 22 244 182 214 214 
jordi-P50709_ca-S003-AC.cc 41 3940 645 633 766 
jordi-P51352_es-S001-AC.cc 18 214 167 115 115 
jordi-P52926_ca-S001-AC.cc 18 430 404 461 400 
jordi-P53361_ca-S002-AC.cc 64 437 317 538 538 
jordi-P57315_es-S001-AC.cc 321 1745 1335 426 426 
jordi-P57515_ca-S001-AC.cc 25 172 156 182 397 
jordi-P58459_ca-S008-AC.cc 28 287 175 190 190 
jordi-P58459_ca-S010-AC.cc 27 268 173 172 172 
jordi-P61473_ca-S002-AC.cc 19 246 99 131 131 
jordi-P61833_en-S001-AC.cc 50 4484 1362 1366 1368 
jordi-P63414_ca-S001-AC.cc 23 1559 296 300 298 
jordi-P64555_ca-S001-AC.cc 39 3872 1054 1103 1150 
jordi-P65171_ca-S001-AC.cc 25 281 125 122 122 
jordi-P65171_ca-S002-AC.cc 25 281 125 122 122 
jordi-P66529_ca-S001-AC.cc 26 397 204 211 211 
jordi-P70093_ca-S002-AC.cc 33 1920 368 387 387 
jordi-P70955_ca-S001-AC.cc 14 145 83 84 84 
jordi-P71398_ca-S006-AC.cc 16 222 102 132 132 
jordi-P71711_ca-S003-AC.cc 43 3417 642 633 774 
jordi-P72315_ca-S003-AC.cc 36 252 228 259 259 
jordi-P74219_en-S001-AC.cc 50 5506 1412 1387 1391 
jordi-P74859_ca-S002-AC.cc 21 176 203 231 231 
jordi-P79784_ca-S001-AC.cc 20 157 124 139 139 
jordi-P80595_en-S001-AC.cc 43 1574 466 500 2294 
jordi-P81602_ca-S001-AC.cc 30 267 126 134 129 
jordi-P81966_ca-S001-AC.cc 14 189 81 80 80 
jordi-P82952_ca-S001-AC.cc 74 543 474 562 708 
jordi-P84219_en-S001-AC.cc 32 1408 258 313 315 
jordi-P84735_ca-S001-AC.cc 17 191 176 204 204 
jordi-P85696_ca-S004-AC.cc 33 224 161 231 231 
jordi-P88790_ca-S001-AC.cc 20 148 101 112 112 
jordi-P88905_ca-S001-AC.cc 20 3195 385 368 376 
jordi-P89124_ca-S004-AC.cc 26 3294 513 479 474 
jordi-P89265_ca-S023-AC.cc 50 504 464 364 364 
jordi-P90620_ca-S001-AC.cc 18 159 114 123 123 
jordi-P96432_ca-S002-AC.cc 82 5000 6924 5797 8522 
jordi-P96965_ca-S001-AC.cc 19 188 132 172 611 
jordi-P98179_ca-S003-AC.cc 21 228 87 92 92 
jordi-P98960_ca-S001-AC.cc 11 119 69 70 70 
jordi-P99155_ca-S001-AC.cc 20 195 134 157 157 
jordi-P99155_ca-S002-AC.cc 23 183 114 121 121 
jordi-X01385_ca-S003-AC.cc 29 2306 370 390 390 
jordi-X04437_ca-S001-AC.cc 20 261 91 108 108 
jordi-X06314_ca-S001-AC.cc 36 191 191 202 217 
jordi-X08783_ca-S001-AC.cc 17 132 144 159 159 
jordi-X16872_en-S001-AC.cc 38 303 256 290 324 
jordi-X17307_es-S003-AC.cc 29 159 158 177 177 
jordi-X20419_ca-S001-AC.cc 47 2647 442 491 539 
jordi-X25396_ca-S003-AC.cc 31 1895 394 420 420 
jordi-X29759_ca-S001-AC.cc 22 166 143 156 160 
jordi-X30452_en-S001-AC.cc 43 1476 402 418 430 
jordi-X35210_ca-S001-AC.cc 31 237 222 257 451 
jordi-X36902_ca-S002-AC.cc 26 3537 724 707 712 
jordi-X41120_ca-S008-AC.cc 55 3152 667 689 685 
jordi-X46340_ca-S001-AC.cc 29 200 109 118 118 
jordi-X46340_ca-S002-AC.cc 29 200 109 118 118 
jordi-X46340_ca-S003-AC.cc 29 211 173 202 235 
jordi-X47203_ca-S001-AC.cc 72 3744 916 988 974 
jordi-X47882_ca-S005-AC.cc 25 143 151 174 174 
jordi-X50141_ca-S001-AC.cc 36 217 154 160 160 
jordi-X50286_ca-S001-AC.cc 18 300 175 177 177 
jordi-X59091_ca-S003-AC.cc 30 149 178 203 203 
jordi-X64734_ca-S003-AC.cc 6 91 51 52 52 
jordi-X71570_ca-S001-AC.cc 10 111 64 65 65 
jordi-X76804_ca-S001-AC.cc 65 3816 772 785 875 
jordi-X83904_ca-S001-AC.cc 56 4544 1570 1554 1815 
jordi-X84338_ca-S001-AC.cc 37 292 223 205 205 
jordi-X85811_en-S001-AC.cc 45 1499 435 446 456 
jordi-X87201_ca-S001-AC.cc 27 200 147 170 170 
jordi-X88161_ca-S001-AC.cc 101 5034 916 875 918 
jordi-X88461_ca-S001-AC.cc 42 1985 263 303 296 
jordi-X89070_ca-S002-AC.cc 45 197 114 110 110 
patron-P10694_ca-S001-AC.cc 19 152 175 209 209 
patron-P11141_ca-S010-AC.cc 35 306 125 123 123 
patron-P11141_en-S001-AC.cc 35 306 125 123 123 
patron-P11868_ca-S001-AC.cc 41 1344 289 313 311 
patron-P11916_ca-S001-AC.cc 26 311 200 222 222 
patron-P12061_ca-S001-AC.cc 17 286 184 186 186 
patron-P12061_ca-S002-AC.cc 17 286 184 186 186 
patron-P12284_en-S001-AC.cc 44 8775 6083 5231 6666 
patron-P12828_ca-S003-AC.cc 34 1333 279 305 301 
patron-P12828_ca-S004-AC.cc 31 1792 342 406 640 
patron-P12848_ca-S001-AC.cc 53 2940 388 421 419 
patron-P12887_en-S001-AC.cc 50 9106 1176 1198 1242 
patron-P12887_en-S003-AC.cc 57 7419 1103 1043 1068 
patron-P12943_ca-S002-AC.cc 38 254 194 197 175 
patron-P13623_ca-S001-AC.cc 19 142 116 126 128 
patron-P13994_en-S002-AC.cc 94 12455 1968 1916 2300 
patron-P13994_en-S003-AC.cc 85 13193 1776 1803 2076 
patron-P14130_ca-S001-AC.cc 19 1296 203 200 355 
patron-P14213_ca-S002-AC.cc 21 232 171 231 231 
patron-P14343_ca-S002-AC.cc 108 7093 6468 5905 6369 
patron-P14410_ca-S001-AC.cc 26 217 193 244 253 
patron-P14952_ca-S002-AC.cc 41 7097 818 848 908 
patron-P14952_ca-S003-AC.cc 61 7352 989 1020 1193 
patron-P15030_ca-S003-AC.cc 45 1330 309 323 327 
patron-P15549_ca-S001-AC.cc 32 1362 264 266 262 
patron-P15613_ca-S004-AC.cc 18 161 110 111 111 
patron-P15695_ca-S002-AC.cc 23 159 105 151 151 
patron-P15714_ca-S001-AC.cc 22 170 141 158 158 
patron-P16072_ca-S001-AC.cc 29 1974 316 362 360 
patron-P16072_ca-S003-AC.cc 40 1498 284 317 305 
patron-P16175_ca-S001-AC.cc 92 1881 732 751 1063 
patron-P16249_en-S002-AC.cc 56 13310 3131 3589 4131 
patron-P16249_en-S003-AC.cc 57 12902 3364 3636 4420 
patron-P16415_ca-S001-AC.cc 52 3067 596 618 675 
patron-P16425_ca-S001-AC.cc 32 3465 472 492 496 
patron-P16553_ca-S001-AC.cc 61 5790 703 709 706 
patron-P17179_ca-S006-AC.cc 26 293 196 224 224 
patron-P17652_ca-S001-AC.cc 43 1587 422 464 465 
patron-P17913_ca-S002-AC.cc 21 160 130 175 175 
patron-P17921_ca-S001-AC.cc 46 3067 623 664 723 
patron-P18203_ca-S001-AC.cc 19 198 170 177 177 
patron-P18298_ca-S001-AC.cc 25 357 361 403 403 
patron-P18660_ca-S001-AC.cc 129 4872 996 1110 1123 
patron-P18777_ca-S001-AC.cc 45 403 350 424 424 
patron-P19564_ca-S002-AC.cc 33 262 230 294 294 
patron-P19724_ca-S001-AC.cc 37 281 222 288 313 
patron-P19991_ca-S001-AC.cc 22 143 122 135 137 
patron-P20006_ca-S002-AC.cc 16 155 108 117 117 
patron-P20262_ca-S002-AC.cc 52 252 231 252 490 
patron-P21895_ca-S001-AC.cc 59 502 375 383 642 
patron-P22295_ca-S003-AC.cc 66 7469 1135 1213 1263 
patron-P22295_en-S001-AC.cc 66 7469 1135 1213 1263 
patron-P22467_ca-S001-AC.cc 35 239 225 263 344 
patron-P22654_ca-S001-AC.cc 21 225 139 163 163 
patron-P23001_ca-S003-AC.cc 23 335 181 203 203 
patron-P23793_ca-S002-AC.cc 34 289 212 250 250 
patron-P24080_ca-S006-AC.cc 28 161 214 237 237 
patron-P24674_ca-S001-AC.cc 41 3498 685 760 756 
patron-P24674_ca-S002-AC.cc 49 6608 674 731 1272 
patron-P25090_ca-S001-AC.cc 39 4283 4294 3628 4250 
patron-P25235_en-S001-AC.cc 64 10114 1249 1289 1532 
patron-P25261_ca-S002-AC.cc 36 3741 897 912 987 
patron-P25401_ca-S001-AC.cc 21 3546 707 775 948 
patron-P25992_ca-S001-AC.cc 58 1484 398 437 469 
patron-P26041_ca-S002-AC.cc 17 183 176 198 198 
patron-P26100_ca-S001-AC.cc 79 6518 1521 1544 2062 
patron-P26141_ca-S001-AC.cc 101 657 521 624 986 
patron-P26492_ca-S001-AC.cc 43 238 151 153 164 
patron-P27152_en-S001-AC.cc 26 280 212 220 284 
patron-P27152_es-S003-AC.cc 21 391 201 215 215 
patron-P27341_ca-S002-AC.cc 21 203 181 208 208 
patron-P27411_ca-S004-AC.cc 32 164 132 143 143 
patron-P27526_ca-S001-AC.cc 47 3392 639 714 763 
patron-P28118_ca-S001-AC.cc 22 474 344 370 1151 
patron-P28318_ca-S001-AC.cc 57 3544 785 818 832 
patron-P28754_ca-S004-AC.cc 14 131 91 88 88 
patron-P28754_ca-S005-AC.cc 27 131 91 88 88 
patron-P29033_ca-S003-AC.cc 44 4755 850 916 927 
patron-P29212_ca-S001-AC.cc 21 189 198 227 696 
patron-P29253_ca-S002-AC.cc 32 197 203 239 239 
patron-P29428_ca-S003-AC.cc 40 1460 550 589 644 
patron-P29448_ca-S005-AC.cc 36 222 207 210 210 
patron-P29786_ca-S003-AC.cc 20 162 113 162 162 
patron-P29973_ca-S001-AC.cc 11 193 206 220 220 
patron-P29973_ca-S002-AC.cc 11 193 206 220 220 
patron-P31111_ca-S004-AC.cc 18 147 119 130 130 
patron-P31170_ca-S001-AC.cc 13 135 134 155 155 
patron-P32046_ca-S001-AC.cc 19 184 136 147 147 
patron-P32149_ca-S001-AC.cc 37 277 213 356 356 
patron-P32533_ca-S001-AC.cc 18 152 169 197 197 
patron-P32954_ca-S004-AC.cc 43 325 210 242 301 
patron-P33371_ca-S003-AC.cc 49 196 168 213 213 
patron-P33412_en-S001-AC.cc 29 1462 251 258 397 
patron-P33839_ca-S001-AC.cc 19 194 166 215 215 
patron-P34080_ca-S005-AC.cc 27 146 174 199 200 
patron-P34091_ca-S001-AC.cc 17 169 150 203 203 
patron-P34279_ca-S005-AC.cc 20 427 231 232 232 
patron-P34438_ca-S002-AC.cc 43 312 136 122 245 
patron-P34451_ca-S001-AC.cc 15 127 87 96 96 
patron-P34682_en-S002-AC.cc 48 1603 588 617 679 
patron-P34682_en-S003-AC.cc 44 1506 462 492 565 
patron-P35080_ca-S001-AC.cc 45 183 230 266 264 
patron-P35246_ca-S001-AC.cc 41 1714 649 704 707 
patron-P35487_ca-S001-AC.cc 36 1895 812 785 802 
patron-P35537_ca-S005-AC.cc 17 201 125 208 208 
patron-P35537_ca-S006-AC.cc 19 196 158 277 277 
patron-P35547_ca-S003-AC.cc 37 334 255 277 277 
patron-P35941_ca-S002-AC.cc 28 2960 500 562 559 
patron-P35957_ca-S001-AC.cc 56 310 239 244 408 
patron-P35971_ca-S001-AC.cc 54 3380 565 567 873 
patron-P36430_ca-S001-AC.cc 27 236 216 228 230 
patron-P36668_ca-S001-AC.cc 19 135 85 107 245 
patron-P37064_ca-S003-AC.cc 22 2992 738 677 847 
patron-P37257_ca-S001-AC.cc 23 187 172 224 224 
patron-P37297_ca-S001-AC.cc 17 141 105 106 106 
patron-P37469_ca-S001-AC.cc 13 178 126 127 127 
patron-P37500_ca-S003-AC.cc 13 111 113 135 135 
patron-P37760_ca-S001-AC.cc 15 258 142 171 171 
patron-P38045_ca-S001-AC.cc 13 266 140 160 160 
patron-P38211_ca-S002-AC.cc 56 3124 692 724 810 
patron-P38614_ca-S002-AC.cc 16 158 110 109 106 
patron-P38877_ca-S001-AC.cc 20 210 206 229 229 
patron-P39057_ca-S001-AC.cc 32 400 265 277 277 
patron-P39225_ca-S001-AC.cc 22 152 122 134 134 
patron-P39359_ca-S007-AC.cc 42 182 234 267 269 
patron-P39359_ca-S008-AC.cc 42 182 234 267 269 
patron-P39586_en-S001-AC.cc 70 10098 1247 1290 1530 
patron-P39799_ca-S001-AC.cc 66 458 359 422 436 
patron-P39846_ca-S001-AC.cc 76 11023 1532 1549 1727 
patron-P40129_ca-S001-AC.cc 32 293 319 339 456 
patron-P40187_ca-S002-AC.cc 22 167 156 190 190 
patron-P40479_ca-S001-AC.cc 67 9225 1209 1242 1244 
patron-P40685_ca-S003-AC.cc 57 3324 499 520 520 
patron-P40902_ca-S002-AC.cc 46 4276 1390 1544 1700 
patron-P41221_ca-S002-AC.cc 9 117 68 69 69 
patron-P41412_ca-S001-AC.cc 25 809 182 193 193 
patron-P42156_ca-S001-AC.cc 20 212 199 222 222 
patron-P42280_ca-S001-AC.cc 18 135 109 122 124 
patron-P42280_ca-S002-AC.cc 19 135 109 122 124 
patron-P42523_ca-S001-AC.cc 17 144 89 112 112 
patron-P42596_ca-S001-AC.cc 40 3357 524 506 537 
patron-P42672_ca-S001-AC.cc 18 177 175 219 840 
patron-P42672_ca-S003-AC.cc 22 177 175 219 840 
patron-P43164_ca-S001-AC.cc 84 14367 2054 2131 2319 
patron-P43164_ca-S002-AC.cc 84 14367 2054 2131 2319 
patron-P43850_en-S002-AC.cc 16 146 125 152 152 
patron-P43859_en-S001-AC.cc 60 8343 1076 1093 1310 
patron-P44576_ca-S001-AC.cc 70 4135 783 874 874 
patron-P44649_ca-S001-AC.cc 50 3081 480 515 515 
patron-P45102_ca-S001-AC.cc 21 175 134 147 258 
patron-P45616_ca-S005-AC.cc 44 328 253 304 304 
patron-P45681_ca-S001-AC.cc 38 1425 379 423 423 
patron-P45681_ca-S002-AC.cc 38 1425 379 423 423 
patron-P45829_ca-S001-AC.cc 41 3326 574 584 643 
patron-P45965_ca-S001-AC.cc 38 1354 307 324 320 
patron-P45965_ca-S003-AC.cc 35 3392 423 511 989 
patron-P46736_ca-S001-AC.cc 30 239 212 258 255 
patron-P46903_ca-S001-AC.cc 45 296 397 467 471 
patron-P47386_ca-S001-AC.cc 37 4278 2045 2367 2797 
patron-P48107_ca-S001-AC.cc 13 163 116 97 97 
patron-P48107_ca-S002-AC.cc 11 163 116 97 97 
patron-P48713_ca-S004-AC.cc 24 186 210 225 225 
patron-P49603_ca-S006-AC.cc 22 302 285 293 293 
patron-P49889_ca-S001-AC.cc 63 5048 757 801 920 
patron-P50036_ca-S001-AC.cc 25 1348 212 258 254 
patron-P50095_ca-S010-AC.cc 23 202 182 266 266 
patron-P50279_ca-S001-AC.cc 32 231 165 174 174 
patron-P50327_ca-S001-AC.cc 13 143 96 98 98 
patron-P50354_ca-S001-AC.cc 37 1448 387 429 429 
patron-P50709_ca-S002-AC.cc 47 3976 666 669 782 
patron-P50726_ca-S001-AC.cc 34 1711 718 788 1565 
patron-P51126_ca-S001-AC.cc 15 230 124 125 125 
patron-P51126_ca-S002-AC.cc 18 177 124 125 125 
patron-P51153_ca-S001-AC.cc 36 1396 370 386 444 
patron-P51222_ca-S001-AC.cc 19 145 87 107 107 
patron-P51222_ca-S002-AC.cc 14 141 90 117 117 
patron-P51352_es-S001-AC.cc 14 180 134 116 116 
patron-P52205_ca-S004-AC.cc 64 1573 433 474 1405 
patron-P52274_ca-S001-AC.cc 84 592 446 567 733 
patron-P52818_ca-S001-AC.cc 20 160 171 203 204 
patron-P52847_ca-S003-AC.cc 14 152 92 88 88 
patron-P52926_ca-S001-AC.cc 17 252 184 206 206 
patron-P53202_ca-S001-AC.cc 31 232 210 227 880 
patron-P53547_en-S001-AC.cc 80 11626 1588 1656 2059 
patron-P54711_ca-S001-AC.cc 24 237 307 362 362 
patron-P55043_ca-S001-AC.cc 32 230 177 237 237 
patron-P55307_ca-S001-AC.cc 41 260 243 281 333 
patron-P55622_ca-S003-AC.cc 17 144 115 118 118 
patron-P55622_ca-S005-AC.cc 18 168 136 137 137 
patron-P55722_ca-S004-AC.cc 23 153 136 179 179 
patron-P55760_ca-S001-AC.cc 61 3088 499 522 522 
patron-P55982_ca-S001-AC.cc 26 431 481 513 585 
patron-P56059_ca-S002-AC.cc 35 370 258 282 282 
patron-P56118_ca-S001-AC.cc 12 124 74 69 69 
patron-P56358_ca-S001-AC.cc 54 280 253 290 323 
patron-P56549_ca-S001-AC.cc 30 206 194 228 751 
patron-P56559_ca-S001-AC.cc 11 200 135 133 133 
patron-P56559_ca-S002-AC.cc 15 180 128 127 127 
patron-P56635_ca-S001-AC.cc 35 394 292 328 451 
patron-P57315_es-S001-AC.cc 28 290 173 176 169 
patron-P57404_ca-S001-AC.cc 33 235 243 290 290 
patron-P57443_ca-S001-AC.cc 35 341 244 238 240 
patron-P57474_ca-S001-AC.cc 17 135 83 103 273 
patron-P57515_ca-S001-AC.cc 35 265 235 288 366 
patron-P57548_en-S001-AC.cc 9 110 64 65 65 
patron-P57666_ca-S001-AC.cc 42 278 267 312 609 
patron-P57852_ca-S001-AC.cc 36 284 140 240 240 
patron-P57882_ca-S002-AC.cc 33 249 214 297 297 
patron-P58153_ca-S002-AC.cc 34 260 144 184 184 
patron-P58294_ca-S001-AC.cc 8 89 47 48 48 
patron-P58459_ca-S006-AC.cc 22 211 131 133 133 
patron-P58512_en-S001-AC.cc 39 271 204 248 250 
patron-P58653_ca-S001-AC.cc 59 1358 1073 940 940 
patron-P59282_ca-S002-AC.cc 40 3418 514 573 694 
patron-P59282_ca-S005-AC.cc 47 3637 616 631 753 
patron-P59539_ca-S002-AC.cc 14 242 83 87 87 
patron-P59539_ca-S003-AC.cc 20 243 81 83 83 
patron-P59875_ca-S001-AC.cc 15 189 126 147 147 
patron-P60219_en-S001-AC.cc 60 11372 4920 4259 5847 
patron-P60296_ca-S001-AC.cc 71 7719 3992 3455 4867 
patron-P60296_ca-S002-AC.cc 71 7719 3992 3455 4867 
patron-P60796_ca-S001-AC.cc 72 9936 1495 1543 1716 
patron-P60816_ca-S001-AC.cc 19 222 148 152 152 
patron-P61061_ca-S004-AC.cc 30 245 272 333 333 
patron-P61384_ca-S001-AC.cc 16 148 131 167 360 
patron-P61634_ca-S001-AC.cc 12 168 106 97 97 
patron-P61634_ca-S002-AC.cc 13 175 110 96 96 
patron-P61634_ca-S003-AC.cc 13 175 110 96 96 
patron-P61833_en-S001-AC.cc 63 4556 1268 1309 1311 
patron-P61833_en-S002-AC.cc 79 6793 1520 1607 1637 
patron-P61930_ca-S001-AC.cc 22 211 185 301 301 
patron-P62113_ca-S001-AC.cc 60 7355 1018 1120 1701 
patron-P62138_ca-S001-AC.cc 57 4718 830 859 850 
patron-P62421_ca-S001-AC.cc 11 199 174 193 193 
patron-P62467_ca-S001-AC.cc 21 144 150 193 203 
patron-P62467_ca-S002-AC.cc 20 226 209 237 237 
patron-P63370_ca-S001-AC.cc 228 3010 1851 2088 2683 
patron-P63414_ca-S002-AC.cc 28 3576 727 759 753 
patron-P63584_ca-S001-AC.cc 53 6111 803 867 984 
patron-P63625_ca-S001-AC.cc 27 154 94 121 121 
patron-P64555_ca-S002-AC.cc 41 3857 1051 1113 1148 
patron-P64789_ca-S001-AC.cc 31 3301 477 499 535 
patron-P64976_ca-S001-AC.cc 12 136 137 158 158 
patron-P65103_ca-S001-AC.cc 22 179 135 143 143 
patron-P65171_ca-S002-AC.cc 24 298 114 123 123 
patron-P65171_ca-S003-AC.cc 26 301 114 123 123 
patron-P65854_ca-S001-AC.cc 72 4939 4217 3662 4925 
patron-P66047_ca-S001-AC.cc 42 1528 423 466 501 
patron-P66187_ca-S001-AC.cc 21 479 457 476 581 
patron-P66529_ca-S002-AC.cc 62 511 257 255 276 
patron-P66559_ca-S006-AC.cc 26 205 279 324 324 
patron-P67268_ca-S001-AC.cc 31 1314 295 322 336 
patron-P67329_ca-S001-AC.cc 35 1222 299 334 980 
patron-P67340_ca-S002-AC.cc 36 3225 572 607 978 
patron-P67454_ca-S002-AC.cc 13 129 87 96 96 
patron-P67723_ca-S007-AC.cc 16 234 144 152 150 
patron-P67723_ca-S008-AC.cc 19 234 144 152 150 
patron-P68688_ca-S001-AC.cc 9 91 51 52 52 
patron-P68688_es-S002-AC.cc 8 91 51 52 52 
patron-P69277_ca-S001-AC.cc 16 121 93 97 97 
patron-P69348_ca-S001-AC.cc 39 4943 495 543 1083 
patron-P69643_ca-S001-AC.cc 26 1251 330 375 375 
patron-P69781_ca-S001-AC.cc 27 2999 469 493 625 
patron-P69781_ca-S003-AC.cc 28 2999 469 493 625 
patron-P69865_ca-S001-AC.cc 86 9545 1701 1716 1985 
patron-P69932_ca-S001-AC.cc 89 3297 714 803 950 
patron-P69932_ca-S003-AC.cc 85 3297 714 803 950 
patron-P70037_ca-S001-AC.cc 24 279 115 117 117 
patron-P70093_ca-S004-AC.cc 58 2647 636 689 686 
patron-P70690_ca-S003-AC.cc 59 7258 961 1004 1052 
patron-P70756_ca-S004-AC.cc 53 4188 799 871 873 
patron-P70955_ca-S001-AC.cc 11 137 79 80 80 
patron-P70955_ca-S002-AC.cc 10 137 80 81 81 
patron-P71310_ca-S002-AC.cc 25 1384 278 317 314 
patron-P71398_ca-S007-AC.cc 30 327 187 225 944 
patron-P71701_ca-S001-AC.cc 70 3508 743 824 1047 
patron-P71711_ca-S003-AC.cc 46 3398 629 637 756 
patron-P71753_ca-S002-AC.cc 17 138 142 166 166 
patron-P71916_ca-S001-AC.cc 22 1694 341 326 316 
patron-P72315_ca-S001-AC.cc 20 220 181 251 251 
patron-P72452_ca-S001-AC.cc 53 2966 504 545 541 
patron-P72484_ca-S001-AC.cc 14 337 362 394 394 
patron-P72570_ca-S001-AC.cc 35 263 276 310 480 
patron-P72986_ca-S001-AC.cc 29 241 84 91 91 
patron-P73231_ca-S001-AC.cc 14 162 93 96 96 
patron-P73468_ca-S001-AC.cc 59 3336 615 689 701 
patron-P73501_ca-S007-AC.cc 22 151 150 179 179 
patron-P73501_en-S001-AC.cc 21 148 141 170 170 
patron-P74219_en-S001-AC.cc 56 4825 1017 1049 1052 
patron-P74219_en-S002-AC.cc 75 6748 1486 1584 1612 
patron-P74398_es-S002-AC.cc 20 144 148 178 178 
patron-P74859_ca-S013-AC.cc 24 177 208 232 232 
patron-P75090_ca-S001-AC.cc 72 1698 565 589 629 
patron-P75149_ca-S001-AC.cc 10 144 94 103 103 
patron-P75149_ca-S003-AC.cc 12 144 94 103 103 
patron-P76024_ca-S001-AC.cc 22 276 147 186 186 
patron-P76675_ca-S001-AC.cc 46 1472 396 384 479 
patron-P76807_en-S001-AC.cc 91 7759 1642 1643 1962 
patron-P77227_ca-S002-AC.cc 30 1468 332 357 362 
patron-P77715_ca-S001-AC.cc 31 2071 359 348 357 
patron-P78142_ca-S001-AC.cc 17 246 96 91 91 
patron-P78548_ca-S001-AC.cc 13 183 192 219 219 
patron-P78721_ca-S004-AC.cc 30 360 358 406 406 
patron-P79123_ca-S002-AC.cc 35 323 235 243 243 
patron-P79784_ca-S006-AC.cc 17 159 129 146 146 
patron-P79817_ca-S002-AC.cc 12 132 141 158 246 
patron-P79817_ca-S003-AC.cc 18 148 176 197 285 
patron-P79860_ca-S001-AC.cc 21 152 175 208 208 
patron-P80014_ca-S002-AC.cc 23 301 382 432 931 
patron-P80097_ca-S003-AC.cc 23 223 318 369 369 
patron-P80595_en-S001-AC.cc 49 1571 473 505 2309 
patron-P80595_en-S002-AC.cc 65 1585 480 515 6019 
patron-P80660_ca-S002-AC.cc 22 142 144 163 152 
patron-P80660_ca-S003-AC.cc 21 141 144 163 152 
patron-P80868_ca-S001-AC.cc 58 243 237 303 303 
patron-P81104_ca-S001-AC.cc 72 3594 844 933 1039 
patron-P81585_ca-S001-AC.cc 25 181 192 194 194 
patron-P81602_ca-S006-AC.cc 63 1499 329 357 345 
patron-P81629_ca-S001-AC.cc 36 580 451 452 452 
patron-P81966_ca-S002-AC.cc 18 192 81 93 93 
patron-P82111_ca-S002-AC.cc 57 1808 915 919 1428 
patron-P82374_ca-S001-AC.cc 13 155 98 99 99 
patron-P82374_ca-S002-AC.cc 11 155 98 101 101 
patron-P82952_ca-S003-AC.cc 59 475 381 425 567 
patron-P84219_en-S005-AC.cc 34 1418 234 249 471 
patron-P84415_ca-S003-AC.cc 38 3735 938 801 970 
patron-P84528_ca-S001-AC.cc 63 3336 659 762 798 
patron-P84639_en-S002-AC.cc 92 4046 847 916 1516 
patron-P84735_ca-S002-AC.cc 15 151 155 176 176 
patron-P84786_ca-S001-AC.cc 39 248 126 153 149 
patron-P85370_ca-S001-AC.cc 20 367 164 167 167 
patron-P85480_ca-S001-AC.cc 42 1446 445 424 512 
patron-P85815_ca-S001-AC.cc 16 1352 343 377 375 
patron-P87198_ca-S001-AC.cc 50 220 309 353 353 
patron-P87323_ca-S001-AC.cc 19 176 164 189 189 
patron-P87462_ca-S001-AC.cc 81 9459 1331 1328 1558 
patron-P87523_ca-S001-AC.cc 31 186 144 164 164 
patron-P87910_ca-S001-AC.cc 44 231 196 212 266 
patron-P87920_ca-S002-AC.cc 32 1353 328 385 382 
patron-P88060_ca-S004-AC.cc 52 3681 673 685 860 
patron-P88087_ca-S001-AC.cc 34 1498 499 550 556 
patron-P88760_ca-S001-AC.cc 65 6860 1250 1261 1338 
patron-P88790_ca-S009-AC.cc 35 235 98 130 130 
patron-P89078_ca-S001-AC.cc 21 139 120 154 154 
patron-P89124_ca-S002-AC.cc 17 184 199 217 217 
patron-P89124_ca-S003-AC.cc 18 184 199 217 217 
patron-P89265_ca-S004-AC.cc 25 373 279 232 232 
patron-P89265_ca-S005-AC.cc 25 373 279 232 232 
patron-P89336_ca-S001-AC.cc 18 213 202 229 229 
patron-P89407_ca-S004-AC.cc 63 406 499 547 1367 
patron-P89700_ca-S002-AC.cc 31 192 177 193 207 
patron-P89851_ca-S003-AC.cc 25 141 151 181 251 
patron-P89979_ca-S006-AC.cc 26 298 263 264 264 
patron-P90133_ca-S001-AC.cc 24 155 162 183 183 
patron-P90226_ca-S001-AC.cc 15 411 216 224 224 
patron-P90532_ca-S007-AC.cc 40 327 102 110 110 
patron-P90532_ca-S008-AC.cc 42 327 102 109 109 
patron-P90615_ca-S001-AC.cc 14 152 92 88 88 
patron-P90620_ca-S001-AC.cc 20 163 132 141 141 
patron-P90620_ca-S003-AC.cc 20 165 134 145 145 
patron-P90664_ca-S003-AC.cc 36 266 263 274 346 
patron-P90766_ca-S001-AC.cc 59 7217 918 951 999 
patron-P91173_ca-S002-AC.cc 27 2999 469 493 625 
patron-P92351_ca-S008-AC.cc 13 163 116 97 97 
patron-P92351_ca-S009-AC.cc 11 163 116 97 97 
patron-P92613_ca-S002-AC.cc 11 180 135 137 137 
patron-P92844_ca-S001-AC.cc 79 3413 626 615 621 
patron-P92998_ca-S002-AC.cc 20 200 193 211 211 
patron-P93090_ca-S001-AC.cc 46 271 216 260 260 
patron-P93533_ca-S001-AC.cc 24 196 170 190 463 
patron-P93774_en-S002-AC.cc 81 4718 1159 1223 2010 
patron-P94857_ca-S001-AC.cc 23 188 176 214 217 
patron-P96293_ca-S001-AC.cc 42 1574 577 645 788 
patron-P96432_ca-S001-AC.cc 61 4396 3149 2706 5306 
patron-P96460_ca-S001-AC.cc 110 1842 720 778 1433 
patron-P96564_ca-S001-AC.cc 31 288 204 249 249 
patron-P96589_ca-S001-AC.cc 13 149 94 95 95 
patron-P96766_ca-S005-AC.cc 55 2814 1006 1143 1263 
patron-P96767_ca-S001-AC.cc 23 266 106 103 103 
patron-P96965_ca-S003-AC.cc 29 242 140 172 207 
patron-P96965_ca-S005-AC.cc 30 242 140 172 207 
patron-P97156_ca-S002-AC.cc 16 147 105 105 105 
patron-P97156_ca-S003-AC.cc 19 159 109 112 112 
patron-P97969_ca-S001-AC.cc 15 129 87 96 96 
patron-P98123_ca-S001-AC.cc 59 4253 721 805 941 
patron-P98458_ca-S001-AC.cc 26 186 164 187 187 
patron-P98770_ca-S001-AC.cc 58 1604 385 413 476 
patron-P98770_ca-S002-AC.cc 47 1562 369 389 427 
patron-P98770_ca-S003-AC.cc 43 1562 369 389 427 
patron-P98909_es-S002-AC.cc 19 141 102 109 109 
patron-P98960_ca-S003-AC.cc 11 131 83 80 80 
patron-P99133_ca-S002-AC.cc 23 1313 409 467 469 
patron-P99155_ca-S005-AC.cc 17 161 99 112 112 
patron-P99182_es-S001-AC.cc 12 118 72 73 73 
patron-P99541_ca-S001-AC.cc 19 171 200 235 310 
patron-P99555_en-S001-AC.cc 58 3516 672 704 788 
patron-X00639_ca-S001-AC.cc 20 182 113 120 120 
patron-X01236_ca-S001-AC.cc 45 3239 573 659 618 
patron-X01385_ca-S001-AC.cc 21 3546 707 775 948 
patron-X01385_ca-S005-AC.cc 34 2445 431 468 467 
patron-X01385_ca-S006-AC.cc 30 1333 311 333 371 
patron-X01646_ca-S001-AC.cc 25 145 136 163 163 
patron-X04437_ca-S001-AC.cc 15 141 89 106 106 
patron-X06314_ca-S001-AC.cc 33 234 157 168 168 
patron-X08783_ca-S002-AC.cc 21 135 149 161 161 
patron-X09467_ca-S001-AC.cc 39 3429 616 638 644 
patron-X10475_ca-S001-AC.cc 64 3405 655 694 700 
patron-X12847_ca-S001-AC.cc 100 5236 1300 1333 1450 
patron-X13387_ca-S002-AC.cc 113 7294 2017 2126 2287 
patron-X13464_ca-S001-AC.cc 26 213 212 232 232 
patron-X17276_ca-S001-AC.cc 72 3589 721 734 792 
patron-X17307_en-S001-AC.cc 25 163 162 188 188 
patron-X18325_ca-S001-AC.cc 16 160 118 131 131 
patron-X19576_ca-S001-AC.cc 117 3788 1065 1155 1666 
patron-X19883_ca-S001-AC.cc 25 209 180 217 218 
patron-X20419_ca-S001-AC.cc 63 9869 1711 1749 1576 
patron-X20419_ca-S002-AC.cc 60 9869 1711 1749 1576 
patron-X21319_ca-S001-AC.cc 125 14569 2967 3000 3329 
patron-X24393_en-S001-AC.cc 17 161 152 187 329 
patron-X25170_ca-S002-AC.cc 95 3584 708 786 862 
patron-X25396_ca-S001-AC.cc 43 3571 516 560 566 
patron-X25396_ca-S002-AC.cc 43 3571 516 560 566 
patron-X26208_ca-S001-AC.cc 31 154 174 208 208 
patron-X26415_ca-S001-AC.cc 87 3541 668 653 667 
patron-X26853_ca-S004-AC.cc 19 158 184 212 216 
patron-X29759_ca-S002-AC.cc 21 167 145 158 162 
patron-X30197_en-S006-AC.cc 35 1361 269 266 262 
patron-X30986_ca-S001-AC.cc 45 7868 4973 4251 4720 
patron-X31562_en-S001-AC.cc 15 146 128 178 336 
patron-X31871_ca-S001-AC.cc 87 3958 1062 1084 1168 
patron-X32320_en-S003-AC.cc 30 195 168 178 178 
patron-X32391_ca-S007-AC.cc 13 142 101 111 111 
patron-X33736_ca-S010-AC.cc 38 281 211 268 357 
patron-X35210_ca-S002-AC.cc 34 281 226 291 294 
patron-X36902_ca-S001-AC.cc 51 3577 747 746 789 
patron-X40782_en-S002-AC.cc 118 4721 1731 1738 1868 
patron-X41120_ca-S005-AC.cc 52 2642 568 574 570 
patron-X41530_ca-S001-AC.cc 54 5419 825 866 1282 
patron-X42469_en-S001-AC.cc 18 152 145 180 300 
patron-X46340_ca-S004-AC.cc 33 264 169 234 234 
patron-X47203_ca-S001-AC.cc 65 3721 834 895 946 
patron-X47882_ca-S001-AC.cc 29 149 155 175 175 
patron-X50286_ca-S001-AC.cc 14 204 141 148 148 
patron-X51086_ca-S001-AC.cc 14 132 75 78 78 
patron-X54725_ca-S001-AC.cc 10 124 74 69 69 
patron-X55755_en-S003-AC.cc 22 171 124 136 136 
patron-X55865_ca-S002-AC.cc 133 3756 1020 1035 1143 
patron-X58169_ca-S001-AC.cc 41 223 190 214 215 
patron-X59091_ca-S003-AC.cc 26 156 187 222 222 
patron-X59678_ca-S001-AC.cc 12 148 89 85 85 
patron-X60048_en-S002-AC.cc 13 252 290 286 286 
patron-X61261_ca-S004-AC.cc 63 2304 697 718 719 
patron-X61274_ca-S001-AC.cc 59 7091 958 854 852 
patron-X64734_ca-S002-AC.cc 7 91 51 52 52 
patron-X65880_ca-S001-AC.cc 11 147 97 98 98 
patron-X67194_ca-S001-AC.cc 46 279 291 297 297 
patron-X68103_ca-S002-AC.cc 28 1357 356 374 503 
patron-X68753_ca-S001-AC.cc 42 1459 398 412 525 
patron-X68753_ca-S002-AC.cc 44 1459 398 412 525 
patron-X70418_en-S001-AC.cc 25 216 315 361 361 
patron-X71570_ca-S001-AC.cc 9 113 64 65 65 
patron-X71650_ca-S001-AC.cc 16 148 110 123 123 
patron-X74521_ca-S001-AC.cc 114 4250 1290 1315 1403 
patron-X75658_en-S001-AC.cc 14 169 175 193 193 
patron-X76804_ca-S001-AC.cc 94 3584 708 786 862 
patron-X79304_ca-S001-AC.cc 119 4158 1236 1252 1287 
patron-X80814_ca-S001-AC.cc 65 3721 834 895 946 
patron-X82824_en-S001-AC.cc 25 184 154 190 417 
patron-X83904_ca-S001-AC.cc 65 3701 1213 1208 1403 
patron-X84338_ca-S002-AC.cc 38 260 203 190 190 
patron-X87201_ca-S001-AC.cc 36 274 217 245 245 
patron-X87649_en-S005-AC.cc 14 145 130 165 303 
patron-X88161_ca-S001-AC.cc 90 7857 1713 1730 1792 
patron-X88161_ca-S002-AC.cc 88 7850 1711 1732 1786 
patron-X88461_ca-S001-AC.cc 34 1373 313 330 534 
patron-X88461_ca-S002-AC.cc 34 1383 278 284 471 
patron-X88461_ca-S003-AC.cc 37 1386 280 284 471 
patron-X89070_ca-S002-AC.cc 17 208 134 108 108 
patron-X96443_ca-S001-AC.cc 75 3362 643 692 758 
patron-X96647_ca-S001-AC.cc 71 1706 563 547 660 
patron-X97024_ca-S002-AC.cc 20 135 87 104 104 
patron-X97552_ca-S001-AC.cc 83 3307 674 728 953 
patron-X98097_ca-S001-AC.cc 36 376 271 249 244 
pau-P11868_ca-S001-AC.cc 23 1318 278 303 301 
pau-P12675_ca-S023-AC.cc 34 1432 299 340 338 
pau-P12943_ca-S004-AC.cc 50 285 225 249 249 
pau-P15030_ca-S008-AC.cc 79 1516 486 489 493 
pau-P15549_ca-S001-AC.cc 28 247 97 97 97 
pau-P16175_ca-S002-AC.cc 86 2375 758 789 940 
pau-P18660_ca-S007-AC.cc 150 5217 1299 1449 1578 
pau-P20262_ca-S004-AC.cc 33 197 196 221 221 
pau-P22467_ca-S001-AC.cc 31 268 221 294 376 
pau-P25261_ca-S001-AC.cc 24 3616 788 834 798 
pau-P25401_ca-S001-AC.cc 63 2290 601 663 2230 
pau-P25992_ca-S001-AC.cc 36 5813 1431 1510 1439 
pau-P26100_ca-S003-AC.cc 67 6529 1464 1462 1670 
pau-P26374_ca-S001-AC.cc 19 3164 363 344 453 
pau-P27152_en-S001-AC.cc 29 296 244 257 374 
pau-P27341_ca-S004-AC.cc 22 207 184 207 207 
pau-P28118_ca-S001-AC.cc 37 452 293 348 348 
pau-P28318_ca-S001-AC.cc 55 3597 925 969 971 
pau-P29094_ca-S005-AC.cc 16 164 70 71 70 
pau-P29094_ca-S006-AC.cc 13 165 64 68 70 
pau-P29094_ca-S007-AC.cc 12 159 64 68 70 
pau-P29212_ca-S001-AC.cc 16 189 198 227 696 
pau-P29786_ca-S005-AC.cc 24 186 115 124 124 
pau-P32046_ca-S002-AC.cc 27 250 219 248 248 
pau-P32149_ca-S012-AC.cc 36 306 252 253 340 
pau-P32149_ca-S013-AC.cc 31 270 224 220 307 
pau-P32533_ca-S001-AC.cc 21 139 164 183 183 
pau-P33412_en-S007-AC.cc 28 1481 282 296 428 
pau-P34438_ca-S002-AC.cc 41 336 160 122 123 
pau-P34682_en-S001-AC.cc 44 1561 542 567 651 
pau-P35941_ca-S001-AC.cc 33 1322 412 458 458 
pau-P37064_ca-S005-AC.cc 24 3326 974 1032 1240 
pau-P37064_ca-S006-AC.cc 23 2967 738 677 847 
pau-P37297_ca-S001-AC.cc 13 136 105 106 106 
pau-P37390_ca-S001-AC.cc 24 3159 350 349 356 
pau-P37760_ca-S005-AC.cc 16 272 142 172 172 
pau-P38877_ca-S002-AC.cc 16 221 210 236 236 
pau-P39799_ca-S001-AC.cc 63 435 327 332 373 
pau-P40902_ca-S001-AC.cc 36 3382 981 884 1050 
pau-P41412_ca-S001-AC.cc 20 226 84 93 93 
pau-P42042_ca-S001-AC.cc 21 200 132 130 130 
pau-P42156_ca-S001-AC.cc 19 225 202 224 224 
pau-P42523_ca-S002-AC.cc 17 164 99 151 151 
pau-P42672_ca-S002-AC.cc 23 216 204 212 467 
pau-P45484_ca-S005-AC.cc 85 3797 896 967 1381 
pau-P45484_ca-S006-AC.cc 85 3797 896 967 1381 
pau-P46254_ca-S001-AC.cc 23 209 123 129 129 
pau-P46736_ca-S005-AC.cc 30 245 242 289 354 
pau-P46736_ca-S006-AC.cc 30 239 230 301 301 
pau-P50279_ca-S003-AC.cc 32 256 184 215 215 
pau-P50497_ca-S002-AC.cc 19 250 253 284 284 
pau-P50709_ca-S003-AC.cc 56 4008 694 646 772 
pau-P51126_ca-S001-AC.cc 23 433 391 407 407 
pau-P51153_ca-S003-AC.cc 21 192 219 222 268 
pau-P51222_ca-S004-AC.cc 13 152 136 188 188 
pau-P51222_ca-S005-AC.cc 12 152 136 188 188 
pau-P51352_es-S001-AC.cc 14 202 143 152 152 
pau-P52205_ca-S002-AC.cc 47 1448 275 316 1384 
pau-P52274_ca-S005-AC.cc 94 727 603 566 699 
pau-P52926_ca-S001-AC.cc 17 351 406 441 464 
pau-P53361_ca-S001-AC.cc 126 706 498 565 993 
pau-P53361_ca-S002-AC.cc 106 602 454 507 951 
pau-P56059_ca-S001-AC.cc 27 391 280 317 322 
pau-P56358_ca-S001-AC.cc 51 330 254 288 361 
pau-P56358_ca-S002-AC.cc 51 330 254 288 361 
pau-P56559_ca-S001-AC.cc 23 304 235 245 245 
pau-P56635_ca-S005-AC.cc 42 368 298 331 425 
pau-P57315_es-S002-AC.cc 55 408 347 334 334 
pau-P57515_ca-S001-AC.cc 26 249 200 257 257 
pau-P58459_ca-S001-AC.cc 37 269 208 227 227 
pau-P58512_en-S002-AC.cc 34 287 253 344 744 
pau-P59282_ca-S001-AC.cc 40 3960 623 654 775 
pau-P60219_en-S008-AC.cc 60 11372 4920 4259 5847 
pau-P60219_en-S009-AC.cc 59 10662 3728 3416 3984 
pau-P60296_ca-S004-AC.cc 76 7824 3179 2936 3307 
pau-P61473_ca-S003-AC.cc 19 246 99 131 131 
pau-P61833_en-S001-AC.cc 63 4572 1338 1345 1347 
pau-P62653_en-S005-AC.cc 70 6219 2379 2499 3047 
pau-P63414_ca-S001-AC.cc 35 1378 327 363 366 
pau-P63584_ca-S002-AC.cc 30 5279 621 653 682 
pau-P64555_ca-S001-AC.cc 55 4003 1087 1198 1227 
pau-P65171_ca-S001-AC.cc 29 384 145 153 153 
pau-P65171_ca-S002-AC.cc 26 274 119 123 123 
pau-P65437_ca-S007-AC.cc 17 164 151 175 175 
pau-P66529_ca-S001-AC.cc 30 464 243 246 246 
pau-P66559_ca-S002-AC.cc 48 285 334 395 392 
pau-P66559_ca-S003-AC.cc 35 223 290 355 357 
pau-P68836_ca-S004-AC.cc 58 364 308 375 451 
pau-P69781_ca-S001-AC.cc 41 4274 550 564 711 
pau-P69781_ca-S002-AC.cc 31 2592 457 470 604 
pau-P69932_ca-S001-AC.cc 27 2800 642 644 782 
pau-P70093_ca-S002-AC.cc 38 1427 292 320 453 
pau-P70955_ca-S001-AC.cc 8 137 79 80 80 
pau-P71398_ca-S001-AC.cc 26 207 200 233 587 
pau-P71711_ca-S001-AC.cc 61 3430 723 729 788 
pau-P71916_ca-S001-AC.cc 39 3058 533 551 555 
pau-P72315_ca-S002-AC.cc 29 301 243 295 295 
pau-P72986_ca-S003-AC.cc 17 271 111 122 122 
pau-P74219_en-S001-AC.cc 59 5409 1360 1335 1339 
pau-P74859_ca-S003-AC.cc 30 213 263 304 325 
pau-P76024_ca-S001-AC.cc 19 273 132 179 179 
pau-P76675_ca-S002-AC.cc 49 2250 513 485 496 
pau-P77715_ca-S001-AC.cc 34 1769 319 307 307 
pau-P78721_ca-S001-AC.cc 30 464 536 620 614 
pau-P79784_ca-S001-AC.cc 16 153 125 142 142 
pau-P79860_ca-S006-AC.cc 18 152 175 208 208 
pau-P80595_en-S001-AC.cc 58 1619 524 548 6076 
pau-P81104_ca-S001-AC.cc 76 3870 1163 1253 1430 
pau-P81602_ca-S001-AC.cc 28 268 120 134 129 
pau-P81602_ca-S002-AC.cc 27 1616 186 199 199 
pau-P81966_ca-S002-AC.cc 13 189 81 80 80 
pau-P82111_ca-S002-AC.cc 52 1859 978 985 1597 
pau-P82952_ca-S010-AC.cc 67 578 405 469 624 
pau-P84219_en-S003-AC.cc 39 1467 306 306 523 
pau-P84415_ca-S001-AC.cc 43 3597 1029 946 1115 
pau-P84584_ca-S005-AC.cc 53 307 226 281 353 
pau-P84735_ca-S005-AC.cc 18 175 167 198 198 
pau-P84786_ca-S005-AC.cc 50 351 167 177 178 
pau-P85480_ca-S002-AC.cc 39 1472 438 409 505 
pau-P85696_ca-S002-AC.cc 51 295 250 316 316 
pau-P87198_ca-S006-AC.cc 44 223 309 351 343 
pau-P88790_ca-S006-AC.cc 21 160 94 125 125 
pau-P89124_ca-S008-AC.cc 26 1760 326 340 336 
pau-P89124_ca-S013-AC.cc 25 1760 326 340 336 
pau-P89124_ca-S016-AC.cc 27 1760 326 340 336 
pau-P89265_ca-S011-AC.cc 23 439 397 413 413 
pau-P89265_ca-S012-AC.cc 49 434 353 351 584 
pau-P89336_ca-S001-AC.cc 19 225 202 224 224 
pau-P90532_ca-S004-AC.cc 37 331 119 100 100 
pau-P90620_ca-S007-AC.cc 28 172 133 151 151 
pau-P92998_ca-S003-AC.cc 15 205 194 214 214 
pau-P93774_en-S001-AC.cc 88 4718 1159 1223 2010 
pau-P94857_ca-S001-AC.cc 17 195 177 198 205 
pau-P95401_ca-S001-AC.cc 23 169 100 107 107 
pau-P96432_ca-S001-AC.cc 72 5703 7018 5893 8772 
pau-P96589_ca-S002-AC.cc 17 154 99 100 100 
pau-P96766_ca-S002-AC.cc 37 1463 582 676 698 
pau-P96767_ca-S001-AC.cc 17 280 94 103 103 
pau-P96965_ca-S001-AC.cc 19 202 178 283 283 
pau-P98179_ca-S001-AC.cc 18 226 84 93 93 
pau-P98960_ca-S001-AC.cc 16 132 85 84 84 
pau-P99155_ca-S001-AC.cc 43 276 205 230 231 
pau-P99155_ca-S002-AC.cc 23 205 199 223 223 
pau-X00639_ca-S002-AC.cc 26 211 198 213 254 
pau-X01385_ca-S001-AC.cc 39 316 231 263 971 
pau-X01385_ca-S002-AC.cc 49 1552 413 441 1363 
pau-X04437_ca-S004-AC.cc 15 134 85 98 98 
pau-X06314_ca-S003-AC.cc 36 197 187 177 224 
pau-X08783_ca-S002-AC.cc 16 171 143 168 168 
pau-X09467_ca-S001-AC.cc 43 3448 642 676 682 
pau-X13464_ca-S004-AC.cc 35 315 239 279 280 
pau-X17276_ca-S001-AC.cc 82 3709 825 855 1206 
pau-X20419_ca-S001-AC.cc 43 2639 416 458 515 
pau-X25396_ca-S001-AC.cc 41 1997 524 589 635 
pau-X29759_ca-S001-AC.cc 28 215 196 223 223 
pau-X30197_en-S002-AC.cc 34 1453 336 318 314 
pau-X30986_ca-S003-AC.cc 62 9378 5500 4810 5399 
pau-X31871_ca-S005-AC.cc 86 3958 1062 1084 1168 
pau-X31871_ca-S016-AC.cc 86 3961 1062 1084 1168 
pau-X31871_ca-S021-AC.cc 108 4179 1341 1432 1503 
pau-X31871_ca-S024-AC.cc 108 4179 1341 1432 1503 
pau-X32320_en-S001-AC.cc 23 185 143 152 152 
pau-X33736_ca-S001-AC.cc 32 292 204 244 310 
pau-X35210_ca-S002-AC.cc 28 234 211 237 481 
pau-X36902_ca-S002-AC.cc 32 3594 766 735 771 
pau-X41120_ca-S001-AC.cc 52 2622 666 731 736 
pau-X46340_ca-S005-AC.cc 48 276 214 235 235 
pau-X47203_ca-S002-AC.cc 75 3831 1037 1059 1173 
pau-X50141_ca-S001-AC.cc 35 238 198 200 200 
pau-X50286_ca-S001-AC.cc 12 204 141 148 148 
pau-X51086_ca-S001-AC.cc 14 126 69 72 72 
pau-X54725_ca-S001-AC.cc 16 124 74 69 69 
pau-X55865_ca-S006-AC.cc 137 3844 989 1068 1309 
pau-X58169_ca-S004-AC.cc 50 291 275 301 301 
pau-X59091_ca-S005-AC.cc 21 157 186 226 228 
pau-X59678_ca-S001-AC.cc 11 146 90 94 94 
pau-X64734_ca-S002-AC.cc 5 91 51 52 52 
pau-X65880_ca-S001-AC.cc 10 145 101 100 100 
pau-X66668_en-S003-AC.cc 100 5029 1879 1921 2110 
pau-X67194_ca-S002-AC.cc 41 230 253 279 327 
pau-X70418_en-S002-AC.cc 37 193 256 298 299 
pau-X71570_ca-S001-AC.cc 7 111 64 65 65 
pau-X76804_ca-S005-AC.cc 103 3993 1109 1122 1504 
pau-X83904_ca-S005-AC.cc 65 5354 2078 2019 2379 
pau-X84338_ca-S001-AC.cc 32 327 228 221 221 
pau-X87201_ca-S001-AC.cc 42 386 291 321 436 
pau-X87201_ca-S002-AC.cc 40 379 276 319 436 
pau-X88161_ca-S002-AC.cc 66 7296 2153 2069 2107 
pau-X88161_ca-S003-AC.cc 68 7281 2152 2065 2100 
pau-X88161_ca-S004-AC.cc 60 6842 1796 1709 1749 
pau-X88461_ca-S001-AC.cc 28 1410 279 273 269 
pau-X89070_ca-S001-AC.cc 13 181 115 124 124 
pau-X96443_ca-S001-AC.cc 77 4473 853 940 968 
pau-X97024_ca-S001-AC.cc 18 159 147 207 207 
pau-X97024_ca-S002-AC.cc 15 170 145 203 203 
pau-X97552_ca-S004-AC.cc 102 3532 929 1061 1986 
pau-X97552_ca-S006-AC.cc 102 3538 936 1079 2009 
pau-X98097_ca-S002-AC.cc 44 345 310 301 296 
